samples=140 max_features=3
Accuracy
0.811111111111
F1 Score
             precision    recall  f1-score   support

       1001       1.00      1.00      1.00         2
       1002       0.50      0.50      0.50         2
       1003       1.00      0.50      0.67         2
       1004       0.67      1.00      0.80         2
       1005       1.00      1.00      1.00         2
       1006       1.00      1.00      1.00         2
       1007       1.00      1.00      1.00         2
       1008       1.00      1.00      1.00         2
       1009       1.00      0.50      0.67         2
       1010       1.00      1.00      1.00         2
       1011       1.00      1.00      1.00         2
       1012       0.67      1.00      0.80         2
       1013       0.67      1.00      0.80         2
       1014       1.00      0.50      0.67         2
       1015       1.00      1.00      1.00         2
       1016       1.00      0.50      0.67         2
       1017       1.00      0.50      0.67         2
       1018       1.00      1.00      1.00         2
       1019       1.00      1.00      1.00         2
       1020       0.67      1.00      0.80         2
       2001       0.33      1.00      0.50         2
       2002       1.00      0.50      0.67         2
       2003       0.00      0.00      0.00         2
       2004       1.00      0.50      0.67         2
       3001       0.50      1.00      0.67         2
       3002       1.00      0.50      0.67         2
       3003       1.00      0.50      0.67         2
       4001       1.00      1.00      1.00         2
       4002       1.00      1.00      1.00         2
       5001       0.67      1.00      0.80         2
       6001       0.33      1.00      0.50         2
       6002       1.00      0.50      0.67         2
       6003       1.00      0.50      0.67         2
       6004       1.00      1.00      1.00         2
       6005       0.00      0.00      0.00         2
       7001       0.67      1.00      0.80         2
       7002       1.00      1.00      1.00         2
       7003       1.00      0.50      0.67         2
       7004       1.00      1.00      1.00         2
       7005       1.00      1.00      1.00         2
       7006       1.00      1.00      1.00         2
       7007       1.00      1.00      1.00         2
       8001       1.00      1.00      1.00         2
       8002       1.00      1.00      1.00         2
       8003       1.00      1.00      1.00         2

avg / total       0.86      0.81      0.80        90
